5
8
2
0.1
Sigmoid
8 5
-0.9148370609255218 0.7271147121346885 -2.267222675395388 2.2657641720481156 -0.9950071476757552
3.6543785242793967 0.9761908960766127 -1.8816435334276422 2.8439952686874186 0.09048714892494787
-3.373534982858874 2.3229796492324772 2.874763460908597 1.7004119294254658 -2.8855632725973672
6.508340280285432 -2.8188365997202793 -5.561916363109692 -4.668646025639795 -0.7806708825610115
-6.192670427669581 -0.5333844635542043 -0.8283533588763623 4.614401357884168 -1.6745504475668662
-3.0544418660979695 1.2815850051011939 0.8578544539244121 0.17574041986089395 -1.9108141170417032
0.33408133621553227 -0.8548440797818659 3.4582339952811605 0.2005843262906431 -0.5251924332454603
-2.3780574590217634 -2.6467790813702803 3.1055364237788554 -2.195382186163103 -2.571549449079567
2 8
1.8004272275887723 3.397200778642191 -2.12448504720335 2.1264113532047375 -2.887830192709547 -2.4281709451725506 0.22465546006595638 -0.19557820623003386
-0.1793190573795988 -1.2413638032850718 -0.6126978843307386 -4.573756661481493 -0.006076274648684626 1.0582133315219486 0.45023482157920175 -1.2164821336085694
8 1
-4.2140201690672505
-3.1420862939449536
2.638299947459448
1.6827459102584643
2.420377857958654
0.5729938078867216
-0.9201789755867033
-3.010943573767285
2 1
-3.12803486734448
-0.9085517290808242
154.71123911052993 135.21246140642245 81.69812381971293
