5
8
2
0.1
Sigmoid
8 5
-2.018094693956249 -0.19860196075988285 -1.7331375572575547 0.259492223155013 -0.3686020018395988
4.228879446263085 0.8027489046551939 -0.8225461634933041 3.153144702959262 -0.7012306846018173
-3.6338299306670487 1.6174558537394808 1.3178137695996706 1.0013358502478915 -1.6803628686423924
6.493412779204418 -2.4785616914448205 -6.359945554410692 -5.087252618379434 -0.08844065625633434
-6.0818998762025895 -1.3555007960834482 -1.3158280851037945 3.7563171296223223 -0.7359749307798779
-2.4243643466441034 0.11813753211435349 1.1014991997742094 0.06838195715736319 -3.459492635501721
-0.7428918887273552 -1.3424269928334445 4.035187259120107 -0.12176423808242981 -2.7133748883543047
-3.5362777927705125 -3.0038025618858266 2.238192938719648 -2.7541637353460153 -2.1200251712058416
2 8
2.0210930789893276 3.301059022947318 -2.532455051362059 2.4338814987436517 -2.5133864556144143 -3.174280611520124 0.45902834192694064 -0.8563385673370126
-0.10317814345382562 -1.1725050524558387 -0.6352673579930238 -4.091131356657563 0.9692423457093746 0.7437931072741863 1.8413419711339598 -0.3844907375293253
8 1
-4.330523082990731
-4.23475488299817
2.6646132164110634
1.3317585595264698
1.9158149899591024
1.0671437333462082
-0.3125397442393068
-2.584263998348858
2 1
-2.6293715540281175
-1.1240086624069974
111.92688541164556 145.15804446139916 72.60589368242961
