5
8
2
0.1
Sigmoid
8 5
-2.018094693956249 -0.19860196075988285 -1.7331375572575547 0.259492223155013 -0.3686020018395988
4.146213658973123 0.7067188927993371 -0.8225461634933041 3.153144702959262 -0.5477160732955941
-3.62712408750724 1.761288509248206 1.3178137695996706 1.0013358502478915 -1.6803628686423924
6.493412779204418 -2.5080719178568973 -6.283490055522153 -5.020245362994212 -0.11133589264189947
-6.0818998762025895 -1.3555007960834482 -1.3158280851037945 3.7336096238197745 -0.7359749307798779
-2.4243643466441034 0.11813753211435349 1.1014991997742094 0.06838195715736319 -3.28069148019105
-0.7428918887273552 -1.3424269928334445 4.056083460569766 -0.0639456121207023 -2.7133748883543047
-3.5362777927705125 -3.040494452017786 2.0753631868479943 -2.6779268233505857 -2.1200251712058416
2 8
2.0210930789893276 3.188864997585817 -2.532455051362059 2.4964094972772393 -2.5133864556144143 -3.2140776953829233 0.45902834192694064 -0.8563385673370126
-0.10317814345382562 -1.0818285704279733 -0.5931762322264967 -4.086615719859382 0.8769238049565745 0.7342832184201046 1.8413419711339598 -0.3844907375293253
8 1
-4.452729736638642
-4.1504415986292
2.6646132164110634
1.3317585595264698
1.9158149899591024
1.1168093470657052
-0.3125397442393068
-2.584263998348858
2 1
-2.6293715540281175
-1.0645355116008068
115.75937961551807 138.5602390395609 83.39118668526466
