5
3
8 8 8
2
0.1
Sigmoid
8 5
-0.8355567657997622 0.19034474630299494 0.03597293753876164 -1.4691435149759915 1.7715653798267745
3.053469964642173 -2.5242051655692777 -1.8386802786313816 -1.3533139232705889 2.9385895196864857
-1.591573337095456 2.054404759930567 -0.6529653386330427 0.7043094275467949 -2.770395595575373
2.498554396095806 -0.9589156213500731 -0.3252915279602906 1.474861621828723 -0.34328617978239034
2.6511573707485345 -2.2821264752442634 -1.78963399079498 -0.8922038257050404 0.7159262165903607
-0.0691945361132055 -0.099735552822805 2.7223500479678306 -0.2967673663931798 -1.1070031013430999
-1.9983785627605155 0.36629191126685556 0.8847427086686571 0.6713272070615801 -0.45521125470914636
0.24327477022856092 -0.34746426786727896 0.379412550562436 0.535143608459954 0.22044723694682844
8 8
1.4537573923714457 -2.8063071762598906 2.170848389495518 -1.9142390711922264 -3.232353223704281 2.150892566627102 1.3065470802220382 0.5791533530825287
-1.1036482898912001 -1.4678262337775936 -0.3549162159242858 0.8477683496255255 1.96425494654379 -0.5225941019463747 -0.4261015177285473 1.5273713240893492
0.7713752649477851 2.024824566777372 -0.953708918752117 -1.296579218818082 -1.1349762376042956 -1.113111737008559 1.6456355793696056 0.2194844653999963
1.8462788196378925 -1.7320819136858292 -1.4565292682500084 -2.3227684037190346 -1.8850554611499075 -1.558084910213296 1.8602912351977898 0.7777838255702101
1.5335079093747672 -0.6147232995094036 0.09985425980218565 0.04351439922430771 0.517438524470446 -2.118999145087308 1.5710767121758131 0.797452922124536
0.5553819734902593 0.1390794733666607 0.6370815226822858 0.012120587334115668 -0.25707473137060455 0.8553431552433955 -1.2218779625680318 -0.5973731267662619
0.646808771527865 0.47131403652589693 -1.3886842201333773 1.2360491464061676 -0.9885064732790206 -1.6160010452662643 0.2504526520553165 1.6276943834946456
0.6310208102867616 -1.4942960958753155 -1.169490471128883 -0.6593983891475981 -1.034856608695397 1.1974868738320101 -0.5996656164264454 2.4873671379046645
8 8
1.3810157869589998 0.69924351853843 -0.5741267207473737 -0.6426377008078129 0.767010560564136 -1.4013110554788177 -0.6414647208482682 -2.4303967999982192
0.8507191502629531 0.03023990812637388 3.165463420487288 1.3999560287349357 -2.247503155804721 -0.7898827092068843 0.28637681435249096 -0.3297097432271823
2.4304327375913255 -0.23296561821512735 -1.0766548678928025 1.7073923757773046 0.040139234522219056 -1.5049984309241293 -0.3655643182818328 -1.3416631887929726
0.9037453880551658 -0.3794303685433953 1.0894596614160335 -1.6394782379956734 -0.23793965866540265 0.3744621058470574 -0.3453125869175186 1.1012555950406124
-1.092974881918805 -0.5816943058571861 -0.9420325675042176 -1.6357441537892918 0.735209700427789 -1.347568445142915 1.4378973108002986 -1.173829162068199
0.18834912121936512 1.945741265689736 1.4325011271032253 -0.8933057658446302 -0.46724401596111365 0.9482603590200153 -1.2307693936771553 -0.767799928165227
2.0057796861315635 -0.3047338042497395 -0.623798397454516 1.446508424941158 -1.1013399195748268 -1.0349182046026109 -1.1264468491628177 -2.148878327041308
-3.5506917035010046 2.175763034168703 0.7224727239170953 -2.0808972559478485 -2.3507053939273685 -0.9800179280646454 0.530310763366368 0.41551294421796137
2 8
1.0892790723016164 -0.7859914980116787 -2.522863096192128 0.5856413135023469 0.962723497266011 0.7399263446603912 -2.63010158372273 2.410176005063556
0.9031228250029357 2.104024500125476 -0.26279659969620284 0.23332194866980377 0.6147431293086723 -1.1021608020333433 -0.20665105320411714 -4.080055812433826
8 1
-0.9348258541772888
-1.6357122954739955
0.6342239044168873
-0.4542199547435472
-0.4654001951821388
0.8364583306088095
0.3173458161998509
1.3477607358062818
8 1
0.11305034316581629
0.08924917748269441
-1.7735813552432453
1.5979957786335013
-0.3323466437678061
-1.0548125538974729
1.2025193176870903
-2.745112894295338
8 1
-0.5246693168764126
0.3720296993619249
-1.2155229350323948
-0.8175843908417144
0.8170696343441046
0.800587851555952
-0.484938860204299
-0.3111195166074674
2 1
0.6528554642207824
0.6682913886037216
47.12025894634408 99.20797358350222 180.47744373109813
