5
8
2
0.1
Sigmoid
8 5
-0.2804037709846703 -0.11611349754612793 -2.040278699339615 1.1391207072758254 0.5643750328028216
2.6198928902588516 -0.3894840693671999 -1.1506880518867497 1.257045401268094 0.2492559492475741
-3.2817890901649913 3.473547002368118 2.0101998227042035 0.434991305718921 -3.9354144346521642
4.487652362652898 -1.7723809257822198 -3.8548659849122036 -4.629800935638239 -0.6636497800342549
-5.37611432412257 0.745169941988082 -1.7263447258369427 3.4670562062959633 -1.7272443523971226
-1.3394351663245818 0.47130642866754846 1.6812699710619925 -1.1446540131407454 -1.8774482935198404
-0.913724441208659 -0.9736432508712727 2.8203194432006002 -1.5527822311030135 -0.8218674220710868
-2.6843166319719933 -3.0434641583049804 2.7692762487018725 -0.8651790459054881 -1.4903104925658712
2 8
1.8666831514650413 2.1637321775200618 -2.756811752512361 1.4813260160554906 -1.7949478412444162 -3.203159085709716 0.508829405665006 0.42964549106277283
0.6821567531158337 -1.547646325040048 -0.7228048219977937 -3.9703424683399695 0.3414293133884031 -0.05367885604647444 0.6797312991078405 1.510216794578275
8 1
-3.0120992718995003
-2.0446227614349493
1.4649661166667096
0.7621610604017165
1.9229003965898495
-0.7071828252920481
-1.3080203106055774
-2.667211991972073
2 1
-2.499216413854449
-0.4766758525491525
139.39011072316129 123.99596626364512 105.0543975134165
