5
8
2
0.1
Sigmoid
8 5
0.7596820349024911 2.2785799430885834 2.6912394001846303 -1.655475414541815 -0.9637919606687588
-0.9327889314277593 0.38274897584870354 3.3783972943723346 5.785399661422746 0.45600922337326627
-5.8682594854892 0.3973750006524676 3.2494150516739504 -1.382371983848907 -0.08675669967359866
4.61844088863809 -2.1886920190101185 -4.958281265331536 -4.2987026149090495 -0.33489854759323984
-0.2984571236208329 -0.2955441346332633 2.076201104136343 1.6651872778265968 -3.756055934389538
-7.525591542244286 6.153991906034461 0.38946790342777593 3.952553370922645 -2.3673644044908624
-2.353898458587816 6.279721201105774 0.3328626106806187 -0.5594392634728651 -4.409068773635903
8.379186996826713 -3.9637571286717894 -2.8487828850999897 -4.077469770438871 -0.5764682647676359
2 8
-1.8777700273308575 2.6638324932358475 -3.223510200215326 -1.9999505555937473 -2.57543863584431 1.8001508104693518 -1.1229591486518125 3.5839788933584966
0.7387510476709579 -3.2455895326758446 -1.6289724385500082 -6.041430171399797 -1.727466259151908 3.7738440797279758 6.523628260108472 -5.995881538073736
8 1
-2.9907499538506186
-5.9351060684992705
3.4743606538353626
1.2845982181932567
0.5378896336503263
2.6408953172111556
0.14414767858826324
-1.0093614170929845
2 1
-4.482017904038626
-2.0381450114055855
