5
8
2
0.1
Sigmoid
8 5
1.3566716608961662 1.0442635257119153 -0.14047262870239094 -2.869931270404386 -1.2657560087910873
-0.2448223403303031 1.2083906598864624 2.0366666036296257 3.672781907925093 -0.14596657536993368
-6.653094172983035 0.08318653642834717 3.4117468549432317 1.814054214206593 -1.2480730600077856
3.0333093233989072 -1.7472212043203907 -4.20265932227569 -3.06685354685962 0.9988148476487502
-0.5458110712766826 -0.5978240828847805 3.439335050325462 0.7097349665778678 -2.0514430029891444
-4.1953853960622585 3.558035867517945 3.1732702649758213 1.292430835743452 -1.565257106680084
-1.9262869937615295 4.364682382359195 1.428172136135601 -0.9182197440656082 -4.754755476058051
8.25942869230684 -3.050396235240524 -4.753089955193607 -2.4991956281312406 -0.31032478936468477
2 8
-0.775535351279552 2.384801333512892 -3.55480704338973 -0.398548156247422 -0.7877832634460133 -0.34766317229211696 -1.2507259100375303 2.8567852764604087
-0.7759938330807231 -1.696429645675996 -0.468809913116514 -3.9883557256461466 -1.3156855467666115 3.059242157483918 4.028653123237608 -5.421778070727398
8 1
-1.9722318939390782
-3.801700189091936
5.3649618673723545
-0.401868096403006
-1.9261210501461667
-0.22340638170235075
0.6202554463152761
-0.6223008651107228
2 1
-3.5019184544143163
-2.8517253865932117
