5
8
2
0.1
Sigmoid
8 5
-0.5783010690774026 0.5548034638357303 -0.37583284233538805 1.2231877600052519 0.1345144465642998
2.2006622845418797 0.021425883507071683 -0.18181184946756596 0.6054499577302582 0.1935663166006127
-3.0790157028954237 2.5617549953018153 1.8178186135643604 0.49772527180698534 -4.152484781340639
4.733368488967548 -2.3140583101001617 -4.600321955802326 -4.327098086609878 -0.5645987282412825
-4.32567662734794 1.9375002512835913 -2.351080838800585 3.104290598459771 -1.3098291418903871
-1.0910243266655182 0.05851506043950065 2.286215284123705 -1.1951946144335108 -1.3978429512120245
-0.57686604779627 -0.3915902344810307 3.2975023326150628 -1.7115884763806575 -0.5816091685220354
-1.5532291985117381 -2.869696776866336 2.8835358039917818 -0.3581294879761849 -2.54361606546206
2 8
1.0277786243576539 2.9126606138353193 -2.3537981248150897 2.1524970799039087 -0.9598791824986861 -2.4108734798152813 0.3075205503605765 1.8467759128345362
0.20417423289071426 -1.3988127185824417 0.42067824017162264 -4.8375812293960125 0.7986361755727314 0.048942269646292044 1.1642535218984282 1.065662803489102
8 1
-3.038764013781516
-1.844347944531539
2.4443779929716727
1.097149387928011
2.3873686796224076
-1.6375610103046692
-1.078537108230955
-2.3178754513965463
2 1
-2.797903421824738
-0.24422880063292016
123.97356955666957 116.85730197948511 61.343032552235556
