5
2
5 5
2
0.1
Sigmoid
5 5
-3.0261512344386245 1.2665743004431418 1.6810668558355188 -1.6223324368241276 3.0414803995121242
-4.2882720592453145 3.712684467531915 -0.28449367475575127 -4.8375626154537805 -0.876211838870422
8.359598639124508 -5.153585589980486 -4.025425793851976 -4.881847180819711 0.3623423933203789
6.457008193571628 1.4038960435194143 1.1913403911847142 -1.238724399727634 0.08474828502198167
-2.9478817690566084 -2.7934201171039668 3.838940514631988 0.3691889908533104 3.6553493255497336
5 5
-0.30916273558453167 4.808027682276637 -4.851131157868785 -1.2241807430623464 1.5188104019137876
2.739413371914191 -2.7697179445302726 4.568274087981435 3.723321832669833 -5.40952704659689
-2.111260404468602 2.9935167683709856 -2.7039120867204116 -2.1238523969933576 -3.6869914662236147
0.6049000457657744 -2.7794477051352993 -0.16879264912802955 3.1950385108964205 2.407654537615139
0.2330016251684774 -4.072384311617059 3.2773090346913416 2.38858457133975 -7.931656683824189
2 5
-0.6025382580814292 4.395185912933725 -2.783814514479933 2.5764209547492203 0.829318795534365
6.456831446948718 -2.699891705035575 1.0564843753049138 0.8340706161781012 -2.023352106422941
5 1
-0.721429412380776
4.652326598680877
-0.514346210196706
-0.6352025549455683
2.3703740994821905
5 1
-1.0531070535656493
1.0581796745335916
3.705784909132043
0.02713438767071788
-2.919076207128397
2 1
-2.041078090361997
0.2021455503210624
44.8760097177144 99.33419837582805 113.54710230585553
