5
8
2
0.1
Sigmoid
8 5
0.8947164436059007 0.9084454691160772 -0.24888725747026771 -2.7091579766990455 -2.013402928418631
-0.9288108390129706 -0.17102988677856865 2.6712440745601884 4.701623131273628 -0.11853599643765765
-7.312682545859033 0.7993463297411265 3.230313954226995 0.22345809521667076 -1.0000515233714877
3.1431275515569603 -2.6505841042482086 -4.425137860106268 -3.120325226723898 0.5838496009313446
-0.24627957357289057 -1.4577790082919515 2.5297102297583574 0.27285783180610435 -2.225567566068679
-5.734826250951964 5.053837401596738 2.4154811308561284 1.8058630879273905 -2.0273429973964014
-1.1161514872179081 5.18339353328578 0.6775971997095145 -0.7887814994634879 -5.621491749618131
8.370097012126775 -3.570123089263742 -4.520992591936407 -2.9196364999284263 -0.23529894719813568
2 8
-0.9606413294588618 2.685842021546465 -3.6116125614754364 -1.4938023607138367 -1.041806537726681 0.08504183941779281 0.019663691193993284 3.464519809314113
0.6141452627547169 -2.7118325706519757 -1.2337061015059405 -4.125378997925189 -1.1836398017811303 2.0426528587680544 4.4185222694031605 -5.571110414939623
8 1
-1.821576014254582
-4.789894761116528
4.702328993815767
0.23179911985176113
-1.0602942042170758
0.34606861945243783
0.5888982560465096
-1.5074248880892647
2 1
-3.6329712253842357
-3.326450147093412
